Repetition	Max. Angle Reached1	Avg. Velocity	Time	Distance	Default=1	Max Target Angle=3.5	Max. Angle Reached2
1	8.61	[0, 4.67, 8.53, 4.3, 2.87, 2.15, 1.72, 1.43, 1.22, 1.07]	[0, 34, 35, 36, 37, 38, 39, 40, 41, 42]	[0, 10.27, 18.76, 18.93, 18.93, 18.93, 18.93, 18.85, 18.85, 18.85]	12.08
2	8.85	[0, 8.09, 8.69, 4.41, 2.94, 2.2, 1.77, 1.47, 1.26]	[0, 75, 76, 77, 78, 79, 80, 81, 82]	[0, 17.79, 19.11, 19.37, 19.37, 19.37, 19.46, 19.37, 19.37]	13.61
3	8.37	[0, 1.48, 1.48, 4.08, 2.72, 2.09, 1.67, 1.39, 1.2, 1.05]	[0, 120, 121, 122, 123, 124, 125, 126, 127, 128]	[0, 3.25, 3.25, 17.97, 17.97, 18.41, 18.41, 18.41, 18.41, 18.41]	14.66
4	10.79	[0, 9.24, 10.43, 5.33, 3.55, 2.69, 2.15, 1.8, 1.54, 1.35, 1.2]	[0, 160, 161, 162, 163, 164, 165, 166, 167, 168, 169]	[0, 20.32, 22.94, 23.42, 23.42, 23.66, 23.66, 23.73, 23.73, 23.73, 23.73]	18.08
5	11.36	[0, 11.36, 10.58, 5.29, 3.5, 2.61, 2.09, 1.74, 1.49, 1.3]	[0, 202, 203, 204, 205, 206, 207, 208, 209, 210]	[0, 24.98, 23.27, 23.27, 23.09, 22.94, 22.94, 22.94, 22.94, 22.94]	19.21
6	11.7	[0, 0.06, 10.1, 5.71, 3.8, 2.85, 2.34, 1.95, 1.67, 1.46]	[0, 237, 238, 239, 240, 241, 242, 243, 244, 245]	[0, 0.13, 22.21, 25.14, 25.05, 25.05, 25.73, 25.73, 25.73, 25.6]	19.21
7	13.04	[0, 0.0, 0.0, 12.75, 12.75, 6.52, 4.3, 3.2, 2.54, 2.1, 1.79, 1.54]	[0, 276, 277, 278, 279, 280, 281, 282, 283, 284, 285, 286]	[0, 0.0, 0.0, 28.04, 28.04, 28.68, 28.39, 28.17, 27.97, 27.66, 27.6, 27.16]	24.48
8	13.27	[0, 12.78, 12.91, 6.61, 4.42, 3.32, 2.64, 2.19, 1.88, 1.64, 0.54]	[0, 314, 315, 316, 317, 318, 319, 320, 321, 322, 323]	[0, 28.1, 28.39, 29.05, 29.18, 29.18, 29.05, 28.9, 28.9, 28.9, 10.6]	26.94
9	13.56	[0, 4.33, 13.33, 6.63, 4.42, 3.39, 2.71, 2.26, 1.94, 1.7, 1.45, 0.79]	[0, 351, 352, 353, 354, 355, 356, 357, 358, 359, 360, 361]	[0, 9.52, 29.31, 29.18, 29.18, 29.82, 29.82, 29.82, 29.82, 29.82, 28.68, 17.44]	28.34
10	15.68	[0, 13.14, 13.14, 7.67, 5.12, 3.9, 3.12, 2.6, 2.23, 1.96]	[0, 391, 392, 393, 394, 395, 396, 397, 398, 399]	[0, 28.9, 28.9, 33.76, 33.76, 34.35, 34.35, 34.35, 34.35, 34.48]	34.76
11	16.37	[0, 9.27, 15.62, 8.13, 5.44, 4.08, 3.27, 2.73, 2.34, 2.05, 1.81]	[0, 440, 441, 442, 443, 444, 445, 446, 447, 448, 449]	[0, 20.39, 34.35, 35.76, 35.89, 35.89, 35.96, 36.0, 36.0, 36.0, 35.89]	35.09
12	17.11	[0, 5.44, 5.44, 2.72, 5.61, 4.21, 3.42, 2.85, 2.44, 2.1, 1.86, 1.68]	[0, 518, 519, 520, 521, 522, 523, 524, 525, 526, 527, 528]	[0, 11.96, 11.96, 11.96, 37.01, 37.01, 37.63, 37.63, 37.63, 36.88, 36.88, 36.88]	38.75
13	13.66	[0, 0.06, 13.66, 6.83]	[0, 634, 635, 636]	[0, 0.13, 30.04, 30.04]	42.71
14	18.08	[0, 1.35, 1.35, 9.03, 6.03, 4.52, 3.23, 2.69, 2.09, 1.58]	[0, 1027, 1028, 1029, 1030, 1031, 1032, 1033, 1034, 1035]	[0, 2.97, 2.97, 39.69, 39.76, 39.76, 35.49, 35.49, 32.22, 27.88]	89.06
X(Time)	Y(Sensor 1 Angle)	Y(Sensor 2 Angle)
0	0	0
1	0	0
2	0	0
3	0	0
4	0	0
5	0	0
6	0	0
7	0	0
8	0	0
9	0	0
10	0	0
11	0	0
12	0	0
13	0	0
14	0	0
15	0	0
16	0	0
17	0	0
18	0	0
19	0	0
20	0	0
21	0	0
22	0	0
23	0	0
24	0	0
25	0	0
26	0	0
27	0	0
28	0	0
29	0	0
30	0	0
31	0	0
32	0	0
33	0	0
34	4.67	8.21
35	8.53	10.81
36	8.61	11.01
37	8.61	11.01
38	8.61	11.46
39	8.61	11.71
40	8.57	12.08
41	8.57	11.96
42	8.57	11.96
43	0	0
44	0	0
45	0	0
46	0	0
47	0	0
48	0	0
49	0	0
50	0	0
51	0	0
52	0	0
53	0	0
54	0	0
55	0	0
56	0	0
57	0	0
58	0	0
59	0	0
60	0	0
61	0	0
62	0	0
63	0	0
64	0	0
65	0	0
66	0	0
67	0	0
68	0	0
69	0	0
70	0	0
71	0	0
72	0	0
73	0	0
74	0	0
75	8.09	5.89
76	8.69	12.55
77	8.81	13.12
78	8.81	12.95
79	8.81	12.95
80	8.85	13.12
81	8.81	13.12
82	8.81	13.61
83	0	0
84	0	0
85	0	0
86	0	0
87	0	0
88	0	0
89	0	0
90	0	0
91	0	0
92	0	0
93	0	0
94	0	0
95	0	0
96	0	0
97	0	0
98	0	0
99	0	0
100	0	0
101	0	0
102	0	0
103	0	0
104	0	0
105	0	0
106	0	0
107	0	0
108	0	0
109	0	0
110	0	0
111	0	0
112	0	0
113	0	0
114	0	0
115	0	0
116	0	0
117	0	0
118	0	0
119	0	0
120	1.48	8.54
121	1.48	13.67
122	8.17	13.67
123	8.17	13.67
124	8.37	14.25
125	8.37	14.25
126	8.37	14.25
127	8.37	14.25
128	8.37	14.66
129	0	0
130	0	0
131	0	0
132	0	0
133	0	0
134	0	0
135	0	0
136	0	0
137	0	0
138	0	0
139	0	0
140	0	0
141	0	0
142	0	0
143	0	0
144	0	0
145	0	0
146	0	0
147	0	0
148	0	0
149	0	0
150	0	0
151	0	0
152	0	0
153	0	0
154	0	0
155	0	0
156	0	0
157	0	0
158	0	0
159	0	0
160	9.24	5.43
161	10.43	5.43
162	10.65	17.18
163	10.65	18.08
164	10.76	17.57
165	10.76	17.53
166	10.79	17.53
167	10.79	17.44
168	10.79	17.66
169	10.79	17.66
170	0	0
171	0	0
172	0	0
173	0	0
174	0	0
175	0	0
176	0	0
177	0	0
178	0	0
179	0	0
180	0	0
181	0	0
182	0	0
183	0	0
184	0	0
185	0	0
186	0	0
187	0	0
188	0	0
189	0	0
190	0	0
191	0	0
192	0	0
193	0	0
194	0	0
195	0	0
196	0	0
197	0	0
198	0	0
199	0	0
200	0	0
201	0	0
202	11.36	8.29
203	10.58	17.1
204	10.58	17.1
205	10.5	18.69
206	10.43	18.93
207	10.43	18.93
208	10.43	19.21
209	10.43	19.09
210	10.43	19.09
211	0	0
212	0	0
213	0	0
214	0	0
215	0	0
216	0	0
217	0	0
218	0	0
219	0	0
220	0	0
221	0	0
222	0	0
223	0	0
224	0	0
225	0	0
226	0	0
227	0	0
228	0	0
229	0	0
230	0	0
231	0	0
232	0	0
233	0	0
234	0	0
235	0	0
236	0	0
237	0.06	12.2
238	10.1	12.2
239	11.43	19.01
240	11.39	19.01
241	11.39	19.13
242	11.7	19.13
243	11.7	19.13
244	11.7	19.13
245	11.64	19.21
246	0	0
247	0	0
248	0	0
249	0	0
250	0	0
251	0	0
252	0	0
253	0	0
254	0	0
255	0	0
256	0	0
257	0	0
258	0	0
259	0	0
260	0	0
261	0	0
262	0	0
263	0	0
264	0	0
265	0	0
266	0	0
267	0	0
268	0	0
269	0	0
270	0	0
271	0	0
272	0	0
273	0	0
274	0	0
275	0	0
276	0.0	24.29
277	0.0	24.48
278	12.75	24.48
279	12.75	24.48
280	13.04	22.9
281	12.91	23.52
282	12.81	23.52
283	12.72	23.88
284	12.58	24.39
285	12.55	24.39
286	12.35	23.94
287	0	0
288	0	0
289	0	0
290	0	0
291	0	0
292	0	0
293	0	0
294	0	0
295	0	0
296	0	0
297	0	0
298	0	0
299	0	0
300	0	0
301	0	0
302	0	0
303	0	0
304	0	0
305	0	0
306	0	0
307	0	0
308	0	0
309	0	0
310	0	0
311	0	0
312	0	0
313	0	0
314	12.78	13.67
315	12.91	13.67
316	13.21	26.94
317	13.27	26.94
318	13.27	26.94
319	13.21	26.45
320	13.14	26.33
321	13.14	26.33
322	13.14	26.65
323	4.82	26.65
324	0	0
325	0	0
326	0	0
327	0	0
328	0	0
329	0	0
330	0	0
331	0	0
332	0	0
333	0	0
334	0	0
335	0	0
336	0	0
337	0	0
338	0	0
339	0	0
340	0	0
341	0	0
342	0	0
343	0	0
344	0	0
345	0	0
346	0	0
347	0	0
348	0	0
349	0	0
350	0	0
351	4.33	20.43
352	13.33	27.25
353	13.27	27.59
354	13.27	26.74
355	13.56	26.74
356	13.56	27.4
357	13.56	27.4
358	13.56	28.34
359	13.56	28.34
360	13.04	28.34
361	7.93	21.24
362	0	0
363	0	0
364	0	0
365	0	0
366	0	0
367	0	0
368	0	0
369	0	0
370	0	0
371	0	0
372	0	0
373	0	0
374	0	0
375	0	0
376	0	0
377	0	0
378	0	0
379	0	0
380	0	0
381	0	0
382	0	0
383	0	0
384	0	0
385	0	0
386	0	0
387	0	0
388	0	0
389	0	0
390	0	0
391	13.14	17.87
392	13.14	17.87
393	15.35	34.23
394	15.35	34.23
395	15.62	34.23
396	15.62	33.3
397	15.62	33.7
398	15.62	34.76
399	15.68	34.76
400	0	0
401	0	0
402	0	0
403	0	0
404	0	0
405	0	0
406	0	0
407	0	0
408	0	0
409	0	0
410	0	0
411	0	0
412	0	0
413	0	0
414	0	0
415	0	0
416	0	0
417	0	0
418	0	0
419	0	0
420	0	0
421	0	0
422	0	0
423	0	0
424	0	0
425	0	0
426	0	0
427	0	0
428	0	0
429	0	0
430	0	0
431	0	0
432	0	0
433	0	0
434	0	0
435	0	0
436	0	0
437	0	0
438	0	0
439	0	0
440	9.27	17.62
441	15.62	17.62
442	16.26	17.62
443	16.32	34.6
444	16.32	34.6
445	16.35	34.69
446	16.37	35.09
447	16.37	34.98
448	16.37	34.73
449	16.32	34.73
450	0	0
451	0	0
452	0	0
453	0	0
454	0	0
455	0	0
456	0	0
457	0	0
458	0	0
459	0	0
460	0	0
461	0	0
462	0	0
463	0	0
464	0	0
465	0	0
466	0	0
467	0	0
468	0	0
469	0	0
470	0	0
471	0	0
472	0	0
473	0	0
474	0	0
475	0	0
476	0	0
477	0	0
478	0	0
479	0	0
480	0	0
481	0	0
482	0	0
483	0	0
484	0	0
485	0	0
486	0	0
487	0	0
488	0	0
489	0	0
490	0	0
491	0	0
492	0	0
493	0	0
494	0	0
495	0	0
496	0	0
497	0	0
498	0	0
499	0	0
500	0	0
501	0	0
502	0	0
503	0	0
504	0	0
505	0	0
506	0	0
507	0	0
508	0	0
509	0	0
510	0	0
511	0	0
512	0	0
513	0	0
514	0	0
515	0	0
516	0	0
517	0	0
518	5.44	24.1
519	5.44	37.88
520	5.44	38.11
521	16.83	38.44
522	16.83	38.44
523	17.11	38.75
524	17.11	38.75
525	17.11	37.12
526	16.77	37.57
527	16.77	38.13
528	16.77	38.13
529	0	0
530	0	0
531	0	0
532	0	0
533	0	0
534	0	0
535	0	0
536	0	0
537	0	0
538	0	0
539	0	0
540	0	0
541	0	0
542	0	0
543	0	0
544	0	0
545	0	0
546	0	0
547	0	0
548	0	0
549	0	0
550	0	0
551	0	0
552	0	0
553	0	0
554	0	0
555	0	0
556	0	0
557	0	0
558	0	0
559	0	0
560	0	0
561	0	0
562	0	0
563	0	0
564	0	0
565	0	0
566	0	0
567	0	0
568	0	0
569	0	0
570	0	0
571	0	0
572	0	0
573	0	0
574	0	0
575	0	0
576	0	0
577	0	0
578	0	0
579	0	0
580	0	0
581	0	0
582	0	0
583	0	0
584	0	0
585	0	0
586	0	0
587	0	0
588	0	0
589	0	0
590	0	0
591	0	0
592	0	0
593	0	0
594	0	0
595	0	0
596	0	0
597	0	0
598	0	0
599	0	0
600	0	0
601	0	0
602	0	0
603	0	0
604	0	0
605	0	0
606	0	0
607	0	0
608	0	0
609	0	0
610	0	0
611	0	0
612	0	0
613	0	0
614	0	0
615	0	0
616	0	0
617	0	0
618	0	0
619	0	0
620	0	0
621	0	0
622	0	0
623	0	0
624	0	0
625	0	0
626	0	0
627	0	0
628	0	0
629	0	0
630	0	0
631	0	0
632	0	0
633	0	0
634	0.06	39.66
635	13.66	42.71
636	13.66	36.02
637	0	0
638	0	0
639	0	0
640	0	0
641	0	0
642	0	0
643	0	0
644	0	0
645	0	0
646	0	0
647	0	0
648	0	0
649	0	0
650	0	0
651	0	0
652	0	0
653	0	0
654	0	0
655	0	0
656	0	0
657	0	0
658	0	0
659	0	0
660	0	0
661	0	0
662	0	0
663	0	0
664	0	0
665	0	0
666	0	0
667	0	0
668	0	0
669	0	0
670	0	0
671	0	0
672	0	0
673	0	0
674	0	0
675	0	0
676	0	0
677	0	0
678	0	0
679	0	0
680	0	0
681	0	0
682	0	0
683	0	0
684	0	0
685	0	0
686	0	0
687	0	0
688	0	0
689	0	0
690	0	0
691	0	0
692	0	0
693	0	0
694	0	0
695	0	0
696	0	0
697	0	0
698	0	0
699	0	0
700	0	0
701	0	0
702	0	0
703	0	0
704	0	0
705	0	0
706	0	0
707	0	0
708	0	0
709	0	0
710	0	0
711	0	0
712	0	0
713	0	0
714	0	0
715	0	0
716	0	0
717	0	0
718	0	0
719	0	0
720	0	0
721	0	0
722	0	0
723	0	0
724	0	0
725	0	0
726	0	0
727	0	0
728	0	0
729	0	0
730	0	0
731	0	0
732	0	0
733	0	0
734	0	0
735	0	0
736	0	0
737	0	0
738	0	0
739	0	0
740	0	0
741	0	0
742	0	0
743	0	0
744	0	0
745	0	0
746	0	0
747	0	0
748	0	0
749	0	0
750	0	0
751	0	0
752	0	0
753	0	0
754	0	0
755	0	0
756	0	0
757	0	0
758	0	0
759	0	0
760	0	0
761	0	0
762	0	0
763	0	0
764	0	0
765	0	0
766	0	0
767	0	0
768	0	0
769	0	0
770	0	0
771	0	0
772	0	0
773	0	0
774	0	0
775	0	0
776	0	0
777	0	0
778	0	0
779	0	0
780	0	0
781	0	0
782	0	0
783	0	0
784	0	0
785	0	0
786	0	0
787	0	0
788	0	0
789	0	0
790	0	0
791	0	0
792	0	0
793	0	0
794	0	0
795	0	0
796	0	0
797	0	0
798	0	0
799	0	0
800	0	0
801	0	0
802	0	0
803	0	0
804	0	0
805	0	0
806	0	0
807	0	0
808	0	0
809	0	0
810	0	0
811	0	0
812	0	0
813	0	0
814	0	0
815	0	0
816	0	0
817	0	0
818	0	0
819	0	0
820	0	0
821	0	0
822	0	0
823	0	0
824	0	0
825	0	0
826	0	0
827	0	0
828	0	0
829	0	0
830	0	0
831	0	0
832	0	0
833	0	0
834	0	0
835	0	0
836	0	0
837	0	0
838	0	0
839	0	0
840	0	0
841	0	0
842	0	0
843	0	0
844	0	0
845	0	0
846	0	0
847	0	0
848	0	0
849	0	0
850	0	0
851	0	0
852	0	0
853	0	0
854	0	0
855	0	0
856	0	0
857	0	0
858	0	0
859	0	0
860	0	0
861	0	0
862	0	0
863	0	0
864	0	0
865	0	0
866	0	0
867	0	0
868	0	0
869	0	0
870	0	0
871	0	0
872	0	0
873	0	0
874	0	0
875	0	0
876	0	0
877	0	0
878	0	0
879	0	0
880	0	0
881	0	0
882	0	0
883	0	0
884	0	0
885	0	0
886	0	0
887	0	0
888	0	0
889	0	0
890	0	0
891	0	0
892	0	0
893	0	0
894	0	0
895	0	0
896	0	0
897	0	0
898	0	0
899	0	0
900	0	0
901	0	0
902	0	0
903	0	0
904	0	0
905	0	0
906	0	0
907	0	0
908	0	0
909	0	0
910	0	0
911	0	0
912	0	0
913	0	0
914	0	0
915	0	0
916	0	0
917	0	0
918	0	0
919	0	0
920	0	0
921	0	0
922	0	0
923	0	0
924	0	0
925	0	0
926	0	0
927	0	0
928	0	0
929	0	0
930	0	0
931	0	0
932	0	0
933	0	0
934	0	0
935	0	0
936	0	0
937	0	0
938	0	0
939	0	0
940	0	0
941	0	0
942	0	0
943	0	0
944	0	0
945	0	0
946	0	0
947	0	0
948	0	0
949	0	0
950	0	0
951	0	0
952	0	0
953	0	0
954	0	0
955	0	0
956	0	0
957	0	0
958	0	0
959	0	0
960	0	0
961	0	0
962	0	0
963	0	0
964	0	0
965	0	0
966	0	0
967	0	0
968	0	0
969	0	0
970	0	0
971	0	0
972	0	0
973	0	0
974	0	0
975	0	0
976	0	0
977	0	0
978	0	0
979	0	0
980	0	0
981	0	0
982	0	0
983	0	0
984	0	0
985	0	0
986	0	0
987	0	0
988	0	0
989	0	0
990	0	0
991	0	0
992	0	0
993	0	0
994	0	0
995	0	0
996	0	0
997	0	0
998	0	0
999	0	0
1000	0	0
1001	0	0
1002	0	0
1003	0	0
1004	0	0
1005	0	0
1006	0	0
1007	0	0
1008	0	0
1009	0	0
1010	0	0
1011	0	0
1012	0	0
1013	0	0
1014	0	0
1015	0	0
1016	0	0
1017	0	0
1018	0	0
1019	0	0
1020	0	0
1021	0	0
1022	0	0
1023	0	0
1024	0	0
1025	0	0
1026	0	0
1027	1.35	89.06
1028	1.35	89.06
1029	18.05	89.06
1030	18.08	72.9
1031	18.08	72.9
1032	16.14	72.9
1033	16.14	72.9
1034	14.65	72.9
1035	12.68	72.9
1036	0	0
1037	0	0
1038	0	0
1039	0	0
1040	0	0
1041	0	0
1042	0	0
1043	0	0
