po	poq	Male	po	123
Day1	2	145	126
Day2	1	44	34
Day3	1	30	22
Day4	1	34	26
Day5	1	39	32
Day6	1	33	26
Day7	1	28	21
Day8	1	25	18
Day9	1	24	15
Day10	1	40	33
Day11	1	27	20
Day12	1	28	22
Day13	1	23	16
Day14	1	24	18
Day15	1	38	28
Day16	1	26	20
Day17	1	25	18
Day18	1	21	15
Day19	0	28	11
Day20	1	27	21
Day21	0	289	26
Day22	0	44	10
Day23	1	37	26
Day24	1	34	28
Day25	0	33	12
Day26	0	26	9
Day27	0	24	9
Day28	0	33	24
Day29	0	22	9
Day30	0	31	17
Day31	0	25	11
Day32	0	25	9
Day33	0	21	8
Day34	0	30	8
Day35	0	29	11
Day36	0	159	14
Day37	23	592	373
Day37	0	39	40
Day37	2	33	25
Day37	1	21	17
Day37	1	17	10
Day37	1	16	10
Day37	1	17	10
Day37	1	12	7
Day37	1	11	6
Day37	1	17	10
Day37	1	14	7
Day37	1	17	11
Day37	1	17	10
Day37	1	12	6
Day37	1	13	6
Day37	1	18	9
Day37	1	13	7
Day37	1	15	11
Day37	1	15	8
Day37	1	14	8
Day37	1	13	6
Day37	4	120	85
Day37	18	613	283
Day37	5	127	80
Day61	9	504	263
Day62	8	167	82
Day63	5	224	85
Day63	9	520	193
Day65	6	214	124
Day66	4	106	53
Day67	0	5	6
Day68	15	649	249
Day68	12	313	182
Day70	1	213	68
Day71	8	309	234
Day71	9	284	124
Day73	6	218	94
Day74	21	560	296
Day74	6	435	195
Day74	6	341	110
Day74	11	371	155
Day74	5	201	92
Day79	10	348	186
Day79	11	394	171
Day79	6	220	111
Day82	10	339	156
Day83	8	631	189
Day83	1	53	12
Day83	8	227	149
Day86	10	328	176
Day87	3	158	101
Day87	3	105	31
