Bryan	Medina	Male	admin	Admin123
Day1	50	123	875
Day2	10	2344	234
Day3	30	454	234
Day4	45	5345	234
Day5	50	345	234
Day6	60	345	234
Day7	70	435	234
Day8	20	65	345
Day9	10	457	3456
Day10	5	36	36
Day11	40	36	36
Day12	56	345	36
Day13	76	56	356
Day14	83	36	346
Day15	67	36	346
Day16	68	36	546
Day17	86	56	34
Day18	45	356	346
Day19	54	56	346
Day20	1	536	245
Day21	5	47	46
Day22	5	457	36
Day23	3	457	5367
Day24	20	45	356
Day25	14	457	36
Day26	2	478	356
Day27	16	468	36
Day28	3	468	356
Day29	3	468	356
Day30	1	11	8
Day31	2	15	8
Day32	0	42	32
Day33	2	111	91
